1. 61048 * 15780 = 963,337,440
2. 21358 * 20583 = 439,611,714
3. 92550 * 49198 = 4,553,274,900
4. 32082 * 62479 = 2,004,451,278
5. 41951 * 19381 = 813,052,331
6. 14900 * 73974 = 1,102,212,600
7. 38390 * 59708 = 2,292,190,120
8. 22794 * 96255 = 2,194,036,470
9. 32552 * 88607 = 2,884,335,064
10. 26461 * 54270 = 1,436,038,470
11. 75193 * 11263 = 846,898,759
12. 90946 * 61660 = 5,607,730,360
13. 78583 * 36383 = 2,859,085,289
14. 11782 * 60126 = 708,404,532
15. 36905 * 13086 = 482,938,830
16. 68765 * 45471 = 3,126,813,315
17. 71705 * 49183 = 3,526,667,015
18. 65315 * 26684 = 1,742,865,460
19. 16616 * 38909 = 646,511,944
20. 67580 * 98524 = 6,658,251,920
21. 42368 * 61019 = 2,585,252,992
22. 62351 * 94042 = 5,863,612,742
23. 99506 * 74681 = 7,431,207,586
24. 81488 * 65723 = 5,355,635,824
25. 18905 * 34202 = 646,588,810
26. 70056 * 49435 = 3,463,218,360
27. 92871 * 14264 = 1,324,711,944
28. 13615 * 18617 = 253,470,455
29. 53135 * 71480 = 3,798,089,800
30. 41665 * 80440 = 3,351,532,600
31. 75313 * 76889 = 5,790,741,257
32. 85615 * 17977 = 1,539,100,855
33. 54137 * 96886 = 5,245,117,382
34. 78050 * 21302 = 1,662,621,100
35. 95313 * 33845 = 3,225,868,485
36. 96678 * 46453 = 4,490,983,134
37. 74962 * 62134 = 4,657,688,908
38. 63658 * 88438 = 5,629,786,204
39. 10465 * 66100 = 691,736,500
40. 97160 * 99798 = 9,696,373,680
41. 59752 * 39413 = 2,355,005,576
42. 60665 * 47541 = 2,884,074,765
43. 72991 * 27314 = 1,993,676,174
44. 47110 * 85234 = 4,015,373,740
45. 85173 * 79506 = 6,771,764,538
46. 77465 * 88019 = 6,818,391,835
47. 71892 * 56691 = 4,075,629,372
48. 30789 * 80594 = 2,481,408,666
49. 15289 * 89392 = 1,366,714,288
50. 44290 * 44465 = 1,969,354,850
51. 25193 * 40016 = 1,008,123,088
52. 15612 * 12944 = 202,081,728
53. 77502 * 34129 = 2,645,065,758
54. 15615 * 61390 = 958,604,850
55. 15987 * 94126 = 1,504,792,362
56. 30648 * 21678 = 664,387,344
57. 68773 * 12719 = 874,723,787
58. 21111 * 75374 = 1,591,220,514
59. 72331 * 83884 = 6,067,413,604
60. 29209 * 52141 = 1,522,986,469
61. 35643 * 36171 = 1,289,242,953
62. 10864 * 64363 = 699,239,632
63. 72832 * 59786 = 4,354,333,952
64. 41687 * 69163 = 2,883,197,981
65. 36712 * 47882 = 1,757,843,984
66. 26818 * 69354 = 1,859,935,572
67. 44691 * 16555 = 739,859,505
68. 19475 * 60969 = 1,187,371,275
69. 23692 * 33897 = 803,087,724
70. 36371 * 55976 = 2,035,903,096
71. 63670 * 78729 = 5,012,675,430
72. 56880 * 87945 = 5,002,311,600
73. 88125 * 42506 = 3,745,841,250
74. 70627 * 99367 = 7,017,993,109
75. 72222 * 90599 = 6,543,240,978
76. 98683 * 64004 = 6,316,106,732
77. 79342 * 17607 = 1,396,974,594
78. 71846 * 25351 = 1,821,367,946
79. 91067 * 32964 = 3,001,932,588
80. 14321 * 95652 = 1,369,832,292
81. 63721 * 84709 = 5,397,742,189
82. 58326 * 12549 = 731,932,974
83. 34811 * 85539 = 2,977,698,129
84. 94349 * 80641 = 7,608,397,709
85. 81909 * 60354 = 4,943,535,786
86. 39902 * 71170 = 2,839,825,340
87. 43750 * 94787 = 4,146,931,250
88. 53559 * 71235 = 3,815,275,365
89. 94535 * 22720 = 2,147,835,200
90. 27890 * 81954 = 2,285,697,060
91. 12634 * 53345 = 673,960,730
92. 87014 * 64931 = 5,649,906,034
93. 22077 * 66977 = 1,478,651,229
94. 77987 * 22048 = 1,719,457,376
95. 61791 * 12672 = 783,015,552
96. 72924 * 69216 = 5,047,507,584
97. 59331 * 56417 = 3,347,277,027
98. 57964 * 77121 = 4,470,241,644
99. 43525 * 99297 = 4,321,901,925
100. 23125 * 82592 = 1,909,940,000
